##FastQC	0.11.3
>>Basic Statistics	pass
#Measure	Value
Filename	DR34_R1.fastq.gz
File type	Conventional base calls
Encoding	Sanger / Illumina 1.9
Total Sequences	946744
Sequences flagged as poor quality	0
Sequence length	35-251
%GC	39
>>END_MODULE
>>Per base sequence quality	pass
#Base	Mean	Median	Lower Quartile	Upper Quartile	10th Percentile	90th Percentile
1	31.84237132741269	32.0	32.0	33.0	30.0	34.0
2	31.8810713350177	33.0	32.0	33.0	29.0	34.0
3	32.326013156671706	33.0	32.0	34.0	32.0	34.0
4	32.21458916032211	33.0	32.0	34.0	32.0	34.0
5	32.05182076675427	33.0	32.0	34.0	31.0	34.0
6	35.5525442991981	37.0	37.0	37.0	33.0	37.0
7	35.587191468865925	37.0	37.0	37.0	33.0	37.0
8	35.57393867824882	37.0	37.0	37.0	33.0	37.0
9	35.734157280109514	37.0	37.0	37.0	33.0	37.0
10-14	36.219880559052925	37.4	36.6	37.4	34.6	37.4
15-19	37.12861681721775	38.0	38.0	38.0	36.8	38.0
20-24	37.43146700692056	38.4	38.0	38.4	37.0	38.4
25-29	37.81477252562466	39.0	38.0	39.0	37.0	39.0
30-34	37.75561355551237	39.0	38.0	39.0	37.0	39.0
35-39	37.793171457298854	39.0	38.0	39.0	37.0	39.0
40-44	37.760556395996545	39.0	38.0	39.0	36.8	39.0
45-49	37.754499649134445	39.0	38.0	39.0	37.0	39.0
50-54	37.75999317978686	39.0	38.0	39.0	37.0	39.0
55-59	37.68857811896281	39.0	38.0	39.0	36.2	39.0
60-64	37.69522847958886	39.0	38.0	39.0	36.0	39.0
65-69	37.70565292198709	39.0	38.0	39.0	36.4	39.0
70-74	37.65698810311228	39.0	38.0	39.0	36.0	39.0
75-79	37.60412837535766	39.0	38.0	39.0	36.0	39.0
80-84	37.57067085203412	39.0	38.0	39.0	36.0	39.0
85-89	37.52736786273944	39.0	38.0	39.0	36.0	39.0
90-94	37.50570524728851	39.0	38.0	39.0	36.0	39.0
95-99	37.44191481096906	39.0	38.0	39.0	36.0	39.0
100-104	37.39008150834429	39.0	38.0	39.0	36.0	39.0
105-109	37.306920956855684	39.0	38.0	39.0	36.0	39.0
110-114	37.30705296641097	39.0	38.0	39.0	35.8	39.0
115-119	37.19928017723358	39.0	38.0	39.0	35.2	39.0
120-124	37.15085932147849	39.0	38.0	39.0	35.0	39.0
125-129	37.07904157649475	39.0	38.0	39.0	34.6	39.0
130-134	36.99969292111301	39.0	38.0	39.0	34.0	39.0
135-139	36.90490469201737	39.0	37.8	39.0	33.8	39.0
140-144	36.828749248982106	39.0	37.2	39.0	33.6	39.0
145-149	36.724023262185696	39.0	37.0	39.0	33.2	39.0
150-154	36.617210054661726	39.0	37.0	39.0	33.0	39.0
155-159	36.416107223315876	39.0	37.0	39.0	33.0	39.0
160-164	36.37516418819037	38.8	37.0	39.0	32.4	39.0
165-169	36.23465099201977	38.4	37.0	39.0	31.4	39.0
170-174	36.04067059212271	38.0	37.0	39.0	30.2	39.0
175-179	35.86689064498946	38.0	37.0	39.0	28.8	39.0
180-184	35.78721112302725	38.0	37.0	39.0	28.0	39.0
185-189	35.50432717884413	38.0	37.0	39.0	26.8	39.0
190-194	35.38523285067542	38.0	36.8	39.0	26.6	39.0
195-199	35.07820661261681	38.0	35.8	39.0	25.2	39.0
200-204	34.85634197824827	38.0	35.2	39.0	22.8	39.0
205-209	34.59496465966693	38.0	34.8	39.0	20.8	39.0
210-214	34.3565330400521	38.0	34.0	39.0	15.8	39.0
215-219	34.11911019796512	37.2	34.0	39.0	15.0	39.0
220-224	33.77733707113528	37.0	33.4	38.0	15.0	39.0
225-229	33.45617160149417	37.0	33.0	38.0	15.0	39.0
230-234	33.08749825945144	37.0	33.0	38.0	15.0	39.0
235-239	32.75059970058982	37.0	33.0	38.0	15.0	38.8
240-244	32.43928780493863	37.0	32.4	38.0	14.6	38.0
245-249	31.9515071752814	37.0	30.6	37.4	14.0	38.0
250-251	29.3782456827469	34.5	22.0	37.0	14.0	37.5
>>END_MODULE
>>Per tile sequence quality	pass
#Tile	Base	Mean
1101	1	-0.03710439269059407
1101	2	0.006990329486953328
1101	3	0.009568202909129297
1101	4	0.012198843107896096
1101	5	0.10132733592689647
1101	6	0.07765937978386717
1101	7	0.047135904524409966
1101	8	-0.09525083358478525
1101	9	-0.09699999941508253
1101	10-14	-0.012985061639433582
1101	15-19	0.10582972025455462
1101	20-24	0.07117097847272902
1101	25-29	0.06991878172694754
1101	30-34	0.05424450228817079
1101	35-39	-0.026950749213902725
1101	40-44	0.14249952186822412
1101	45-49	0.04243166082989802
1101	50-54	0.08253243439924773
1101	55-59	0.09015749965224984
1101	60-64	0.0706889137149318
1101	65-69	0.07582199630321185
1101	70-74	0.11244474983539021
1101	75-79	0.11907003017424245
1101	80-84	0.09942337916706379
1101	85-89	0.07923644234276139
1101	90-94	0.05361996386377399
1101	95-99	0.10045561323195074
1101	100-104	0.1264736681574874
1101	105-109	0.13174625278908536
1101	110-114	0.08815466561452467
1101	115-119	0.13249326130255668
1101	120-124	0.06762573318815868
1101	125-129	0.16992029526826968
1101	130-134	0.11915593061311114
1101	135-139	0.09197589974907316
1101	140-144	0.16569467972099972
1101	145-149	0.15347359526980853
1101	150-154	0.16462273735714916
1101	155-159	0.24551030652359884
1101	160-164	0.14037462941402623
1101	165-169	0.10316273156276168
1101	170-174	0.2595891130174408
1101	175-179	0.17491976571287893
1101	180-184	0.11489089809737862
1101	185-189	0.19443281169424864
1101	190-194	0.06467830080206483
1101	195-199	0.15415317169985343
1101	200-204	0.1057201372499037
1101	205-209	0.08760811021655002
1101	210-214	0.17651842661402384
1101	215-219	0.07915887916630737
1101	220-224	0.12131490445795379
1101	225-229	-0.016301282423796692
1101	230-234	0.03104630848912393
1101	235-239	0.05312076273211375
1101	240-244	-0.1179935950277411
1101	245-249	-0.08800110903720437
1101	250-251	-0.20077831782827715
1102	1	0.1509152609244886
1102	2	0.1173525240713289
1102	3	0.07804188026158698
1102	4	0.11785721079601075
1102	5	0.08497600780384573
1102	6	-0.06502963620462054
1102	7	0.13606849545252686
1102	8	-0.04706114805926376
1102	9	-0.067796557883824
1102	10-14	-0.04681543034224944
1102	15-19	0.02344734668338333
1102	20-24	0.03764689177393166
1102	25-29	0.0902428348795965
1102	30-34	0.028150128062712554
1102	35-39	0.036968405729318476
1102	40-44	0.13218689275147
1102	45-49	0.03822427135212081
1102	50-54	0.029071704705565082
1102	55-59	0.10316523889954254
1102	60-64	0.1198122661041765
1102	65-69	0.11959758474165483
1102	70-74	0.16271891493230584
1102	75-79	0.1981636818819723
1102	80-84	0.21973395719980005
1102	85-89	0.11743811874904964
1102	90-94	0.22359204118075837
1102	95-99	0.19172181677625133
1102	100-104	0.23765230404190163
1102	105-109	0.18774324024659705
1102	110-114	0.15607783127535413
1102	115-119	0.25236185626926044
1102	120-124	0.26922383772496516
1102	125-129	0.28494438460656824
1102	130-134	0.3196855672376344
1102	135-139	0.30650118289253925
1102	140-144	0.3782904687549262
1102	145-149	0.3257361094041258
1102	150-154	0.3904291055773683
1102	155-159	0.4385354317427712
1102	160-164	0.4433092806681529
1102	165-169	0.45047502462367817
1102	170-174	0.48041328165777486
1102	175-179	0.49052093170514155
1102	180-184	0.4380448481712875
1102	185-189	0.599682768995585
1102	190-194	0.4651206667390966
1102	195-199	0.6177965560482122
1102	200-204	0.7260431855382024
1102	205-209	0.6262515119304553
1102	210-214	0.529047862390172
1102	215-219	0.761286017242945
1102	220-224	0.7641506681456747
1102	225-229	0.8808208909867759
1102	230-234	0.9392613294430134
1102	235-239	0.9483967592939209
1102	240-244	0.959340625273434
1102	245-249	1.025926021441446
1102	250-251	1.1569591076261965
1103	1	0.12364247208526535
1103	2	0.29764678114839427
1103	3	0.2289439525899084
1103	4	0.08618935897425928
1103	5	0.2320794887736426
1103	6	0.21185239007196088
1103	7	0.29773973343166915
1103	8	0.006702227262422866
1103	9	0.044828899247420395
1103	10-14	0.15734920462998758
1103	15-19	0.1948157606072627
1103	20-24	0.21719158905145264
1103	25-29	0.1759257551017228
1103	30-34	0.2692544894334361
1103	35-39	0.17015168422238247
1103	40-44	0.1733890916583931
1103	45-49	0.12646034018443686
1103	50-54	0.21971146864630242
1103	55-59	0.22735664418156887
1103	60-64	0.185151737583638
1103	65-69	0.21311849824170537
1103	70-74	0.21358373236745365
1103	75-79	0.28085520113386764
1103	80-84	0.26576253746846135
1103	85-89	0.20739857611939527
1103	90-94	0.2818837762705044
1103	95-99	0.18985452480304588
1103	100-104	0.27172002815981244
1103	105-109	0.33368283137544097
1103	110-114	0.2831841894202043
1103	115-119	0.35823423580580993
1103	120-124	0.31367209837101484
1103	125-129	0.4209698915709552
1103	130-134	0.3733296286436598
1103	135-139	0.3918036977427093
1103	140-144	0.5340610604346239
1103	145-149	0.46498071336577596
1103	150-154	0.4200155820040834
1103	155-159	0.5145348254998865
1103	160-164	0.6409337901031833
1103	165-169	0.5464847661999173
1103	170-174	0.7317851918316123
1103	175-179	0.7465538623063352
1103	180-184	0.4846278780913664
1103	185-189	0.711053590227813
1103	190-194	0.682748217136691
1103	195-199	0.8754615320615855
1103	200-204	0.8631486116472971
1103	205-209	0.9937139999328508
1103	210-214	0.9766222299671767
1103	215-219	1.06405255497301
1103	220-224	1.0498542924114886
1103	225-229	1.0940766513094786
1103	230-234	1.2157709803571706
1103	235-239	1.249540497900675
1103	240-244	1.1610700487792442
1103	245-249	1.3304897373793558
1103	250-251	1.3115456822366447
1104	1	0.22682572564197656
1104	2	0.15549397567040302
1104	3	0.19284403236652992
1104	4	0.14041519330479701
1104	5	0.2877861767140715
1104	6	0.2439147820411165
1104	7	0.19244871495008908
1104	8	0.06180610307681178
1104	9	0.15211898700170678
1104	10-14	0.20748449249063583
1104	15-19	0.1297562937810426
1104	20-24	0.12045684633107356
1104	25-29	0.20074024120729916
1104	30-34	0.3021780368340501
1104	35-39	0.23148716386840817
1104	40-44	0.23770208332820175
1104	45-49	0.1727019802845433
1104	50-54	0.20375574188348367
1104	55-59	0.24967092007204172
1104	60-64	0.22366037074498024
1104	65-69	0.23448346968655898
1104	70-74	0.3110876372723226
1104	75-79	0.28485866992932785
1104	80-84	0.3079983943792115
1104	85-89	0.27386282607555756
1104	90-94	0.26436458698164955
1104	95-99	0.3444692168553871
1104	100-104	0.3141773949238882
1104	105-109	0.32504524872587837
1104	110-114	0.33150981847350636
1104	115-119	0.3668106977874288
1104	120-124	0.31769885920523677
1104	125-129	0.38142456764550303
1104	130-134	0.3488839381123867
1104	135-139	0.4356384093940804
1104	140-144	0.38786423073880627
1104	145-149	0.3624770134250781
1104	150-154	0.46996021859585113
1104	155-159	0.5122151204395706
1104	160-164	0.5215673967818546
1104	165-169	0.5162698108734745
1104	170-174	0.5763014002307827
1104	175-179	0.6018769553889243
1104	180-184	0.4829368707479915
1104	185-189	0.6148657057994669
1104	190-194	0.6073251537966655
1104	195-199	0.7838571719368161
1104	200-204	0.8861556685737071
1104	205-209	0.8003862787324678
1104	210-214	0.7357632390922788
1104	215-219	0.8783663876632701
1104	220-224	0.8346475837272962
1104	225-229	0.9895583796192398
1104	230-234	0.8973153222771799
1104	235-239	1.086623030805896
1104	240-244	1.0916563102118104
1104	245-249	1.0790676620239559
1104	250-251	0.9557758671429433
1105	1	0.16801144639639531
1105	2	0.2927578093252947
1105	3	0.1986808438009504
1105	4	0.05475563377677162
1105	5	0.2562096125529507
1105	6	0.2036866875155141
1105	7	0.13305726779753257
1105	8	-0.02672067502034281
1105	9	0.10083561691862997
1105	10-14	0.15437228107459333
1105	15-19	0.07687634404945243
1105	20-24	0.18453226206258933
1105	25-29	0.14355230234312444
1105	30-34	0.17210427484116053
1105	35-39	0.1419970679469884
1105	40-44	0.16430250001396018
1105	45-49	0.07808975849453503
1105	50-54	0.1744561039433421
1105	55-59	0.1879047233811022
1105	60-64	0.129025666395421
1105	65-69	0.15420391178324877
1105	70-74	0.1655092872622248
1105	75-79	0.17701736689180336
1105	80-84	0.25621430622675234
1105	85-89	0.27718973915855116
1105	90-94	0.21000526577483924
1105	95-99	0.20662052450224166
1105	100-104	0.1989080167559223
1105	105-109	0.25471182846020923
1105	110-114	0.20606645897774456
1105	115-119	0.18791740706709703
1105	120-124	0.20150889680130746
1105	125-129	0.2770422345748571
1105	130-134	0.22504036406267858
1105	135-139	0.1452190422027826
1105	140-144	0.18904556527760974
1105	145-149	0.19055897652018672
1105	150-154	0.17992983762425752
1105	155-159	0.30561759481420836
1105	160-164	0.28031558482376795
1105	165-169	0.3161009067196616
1105	170-174	0.41966967284158585
1105	175-179	0.44668497933034956
1105	180-184	0.4968152402985524
1105	185-189	0.381094093291118
1105	190-194	0.4819343509215841
1105	195-199	0.5153638978998458
1105	200-204	0.6404742021895657
1105	205-209	0.7317648892338013
1105	210-214	0.7123837437003928
1105	215-219	0.7634596596283245
1105	220-224	0.4486844543791264
1105	225-229	0.5641276450799921
1105	230-234	0.781147906074672
1105	235-239	0.7821109970763089
1105	240-244	0.8563149318343335
1105	245-249	0.7638098663052482
1105	250-251	0.8581814378211838
1106	1	0.317211317749436
1106	2	0.23721814057113022
1106	3	0.16573903245665633
1106	4	0.2668531051253211
1106	5	0.2975288942982175
1106	6	0.2360646847104988
1106	7	0.16193738481647557
1106	8	0.16336250784343775
1106	9	-0.0052786066403882614
1106	10-14	0.17474970168709092
1106	15-19	0.20321939376121634
1106	20-24	0.24150124505701598
1106	25-29	0.2535132465089944
1106	30-34	0.2570561546967909
1106	35-39	0.21347333381233113
1106	40-44	0.22926263138240444
1106	45-49	0.15720734815239723
1106	50-54	0.153117574092704
1106	55-59	0.22037808303181805
1106	60-64	0.17238346193784082
1106	65-69	0.19693075944829275
1106	70-74	0.18921201626528017
1106	75-79	0.16523838726858742
1106	80-84	0.24859107735215247
1106	85-89	0.13572423686901658
1106	90-94	0.1324546425239319
1106	95-99	0.23053303872637088
1106	100-104	0.19885468964611164
1106	105-109	0.13232864982199288
1106	110-114	0.20181639609091206
1106	115-119	0.1813569349893669
1106	120-124	0.26402480283958596
1106	125-129	0.20895034705238658
1106	130-134	0.18791365742645638
1106	135-139	0.17224208298413402
1106	140-144	0.22372070472265193
1106	145-149	0.2066537862698823
1106	150-154	0.24656052613300972
1106	155-159	0.3765929520475382
1106	160-164	0.38512057736972594
1106	165-169	0.27936642334670836
1106	170-174	0.39579823853289753
1106	175-179	0.38060447588417645
1106	180-184	0.343201674629114
1106	185-189	0.3880701933106181
1106	190-194	0.45767954365609853
1106	195-199	0.5045939098762631
1106	200-204	0.5782312135980163
1106	205-209	0.5484281368504469
1106	210-214	0.5838455700949936
1106	215-219	0.4743067969855588
1106	220-224	0.5625845412068102
1106	225-229	0.556936714653169
1106	230-234	0.6423761589911976
1106	235-239	0.8242415047032665
1106	240-244	0.5604188967294945
1106	245-249	0.5764491962647433
1106	250-251	0.7479168718018947
1107	1	0.17238929935286862
1107	2	0.11992357916721375
1107	3	0.17127102067664168
1107	4	0.13334712553520234
1107	5	0.12888738059837834
1107	6	0.1885682160930955
1107	7	-0.0010981312011537625
1107	8	0.11261352650919321
1107	9	-0.011995941241785602
1107	10-14	0.10213794281836641
1107	15-19	0.1609010222625571
1107	20-24	0.17828196410236075
1107	25-29	0.13001664437182825
1107	30-34	0.15518996109584293
1107	35-39	0.09892791372777765
1107	40-44	0.08829475791232966
1107	45-49	0.12717128606720962
1107	50-54	0.10344449541985767
1107	55-59	0.06909828200831214
1107	60-64	0.0629435949528272
1107	65-69	0.10043512113502118
1107	70-74	0.08123261251564173
1107	75-79	0.03653450393314728
1107	80-84	0.1600608715875893
1107	85-89	0.01452477992385326
1107	90-94	0.07011236152491307
1107	95-99	0.21072037620038486
1107	100-104	0.05117583683923499
1107	105-109	0.10603819202636089
1107	110-114	0.048509870986144676
1107	115-119	-0.010245719582393065
1107	120-124	0.09783001348693432
1107	125-129	0.030965689638783545
1107	130-134	0.16326175261067277
1107	135-139	0.07996179728616681
1107	140-144	0.10606254728256914
1107	145-149	0.06496902255453563
1107	150-154	0.09526747804588354
1107	155-159	0.04258676434741204
1107	160-164	0.1714171626146168
1107	165-169	-0.03000545334416671
1107	170-174	0.1628556301573596
1107	175-179	0.16890406322045948
1107	180-184	0.16026620630622546
1107	185-189	0.14723658273976525
1107	190-194	0.2792877600781196
1107	195-199	0.06963808391788717
1107	200-204	0.15489077839038856
1107	205-209	0.2688383443891311
1107	210-214	0.3023592959956929
1107	215-219	0.1967086551564421
1107	220-224	0.1053539282395306
1107	225-229	0.14420043937749938
1107	230-234	0.3584088555245586
1107	235-239	0.34960993068300894
1107	240-244	0.3743301432171293
1107	245-249	0.14696705503047625
1107	250-251	0.415940099475268
1108	1	0.20167195166365914
1108	2	0.09662981803904458
1108	3	0.09186144270848473
1108	4	0.11516498479770831
1108	5	0.12761884977496152
1108	6	0.15738434000608237
1108	7	-0.051152723748828066
1108	8	-0.1294209611433743
1108	9	-8.652707130565318E-4
1108	10-14	0.019916727686634772
1108	15-19	-0.04981730922145999
1108	20-24	0.006471233320226588
1108	25-29	0.015817388830321022
1108	30-34	0.04693251973645829
1108	35-39	-0.1151631704638092
1108	40-44	-0.11883134635471748
1108	45-49	-0.04565782368766946
1108	50-54	-0.03871970967928462
1108	55-59	-0.11605858452444551
1108	60-64	-0.13870271620889696
1108	65-69	-0.009344608714656033
1108	70-74	-0.08766056000655453
1108	75-79	-0.2823008102118365
1108	80-84	0.033123368697872024
1108	85-89	-0.07182986441051042
1108	90-94	-0.05497616610728073
1108	95-99	0.0049217460996473505
1108	100-104	-0.11869496367597776
1108	105-109	-0.13590609279552268
1108	110-114	-0.08898620187511597
1108	115-119	-0.2034031391649549
1108	120-124	-0.09201356596948784
1108	125-129	-0.19988368195885187
1108	130-134	-0.0571571315166608
1108	135-139	-0.1987518176025489
1108	140-144	-0.20033216348456762
1108	145-149	-0.031356888360349444
1108	150-154	-0.14626961513801717
1108	155-159	-0.4215375850235077
1108	160-164	-0.2397372322583422
1108	165-169	-0.30610578649538667
1108	170-174	-0.1534716474666311
1108	175-179	-0.3086511814285231
1108	180-184	-0.35935409769087556
1108	185-189	-0.34487834774157733
1108	190-194	-0.10658861463024749
1108	195-199	-0.45292087297973893
1108	200-204	-0.49182171692774546
1108	205-209	-0.23597057568659352
1108	210-214	-0.3318905834568895
1108	215-219	-0.6982347721107303
1108	220-224	-0.6159853515894937
1108	225-229	-0.505775805406067
1108	230-234	-0.2905890889678844
1108	235-239	-0.2721805553977106
1108	240-244	-0.6165497745570008
1108	245-249	-0.5898746552170522
1108	250-251	-0.6395941015876794
1109	1	0.015614402430937702
1109	2	0.07068357615823828
1109	3	0.05567967951721897
1109	4	-0.0626877310887366
1109	5	0.09182007962253635
1109	6	0.13090881403760335
1109	7	-0.1696076347288269
1109	8	0.1504146494458638
1109	9	0.10251203889023941
1109	10-14	0.04744710188118262
1109	15-19	0.010973584342707454
1109	20-24	0.008138902755831623
1109	25-29	0.0672769351905842
1109	30-34	0.020636214454782476
1109	35-39	-0.02153775063603547
1109	40-44	-0.023218800294323216
1109	45-49	0.03279553630490284
1109	50-54	0.06253778005128652
1109	55-59	-0.07424721621016772
1109	60-64	-0.003289848288062558
1109	65-69	0.07033080838851902
1109	70-74	0.07700858690874668
1109	75-79	-0.1649840775043785
1109	80-84	0.050652511417567325
1109	85-89	-0.04534360872862209
1109	90-94	-0.06336448811095607
1109	95-99	0.062541177227601
1109	100-104	0.0820353341703921
1109	105-109	0.12207915131479297
1109	110-114	0.04123080967866599
1109	115-119	-0.14780607092792053
1109	120-124	0.16262363370569943
1109	125-129	-0.12081955296785907
1109	130-134	0.03549666850355493
1109	135-139	-0.1628658687049409
1109	140-144	-0.08809383038286
1109	145-149	-0.10055652465592146
1109	150-154	-0.15497739057850168
1109	155-159	-0.34129653635350365
1109	160-164	0.056076213340404024
1109	165-169	-0.17979965277115895
1109	170-174	-0.21887186810311476
1109	175-179	-0.13202926368904855
1109	180-184	-0.13111991605042306
1109	185-189	-0.1763770177803039
1109	190-194	0.06561014912327323
1109	195-199	-0.3639141696343202
1109	200-204	-0.2999987828878048
1109	205-209	-0.052959174945534926
1109	210-214	-0.025128747157111775
1109	215-219	-0.37757112955577554
1109	220-224	-0.23606752889184435
1109	225-229	-0.004840435229034767
1109	230-234	-0.15075850464266694
1109	235-239	-0.2528816121628097
1109	240-244	-0.41668674436172637
1109	245-249	-0.3977093311934432
1109	250-251	-0.9421742727952669
1110	1	0.12290916352587189
1110	2	-0.04331692503269835
1110	3	0.07708466855670792
1110	4	0.008369465502191531
1110	5	0.017866680647792066
1110	6	0.08705120092294294
1110	7	0.09743005920895342
1110	8	0.1524522582298431
1110	9	0.11434209136930917
1110	10-14	0.14420415322405944
1110	15-19	0.12721908031493712
1110	20-24	0.17216049775949216
1110	25-29	0.13651636577929338
1110	30-34	0.09189836407730212
1110	35-39	0.18931955741035722
1110	40-44	0.1786861214061446
1110	45-49	0.16398812006440266
1110	50-54	0.12084133970333966
1110	55-59	0.12643073530893645
1110	60-64	0.09613765478772507
1110	65-69	0.15521826320630794
1110	70-74	0.056292415472029234
1110	75-79	0.12446929728593403
1110	80-84	0.0455834406280502
1110	85-89	0.08554873762624027
1110	90-94	0.076359671498885
1110	95-99	0.10245531609034231
1110	100-104	0.10519305674961288
1110	105-109	0.13755814259135235
1110	110-114	0.0011825321720948523
1110	115-119	0.1965050335780134
1110	120-124	0.25452198381805147
1110	125-129	0.10620578575359474
1110	130-134	0.14160706812459978
1110	135-139	0.13765504209133894
1110	140-144	0.13923781121836498
1110	145-149	0.1581350574195497
1110	150-154	0.07048672324986427
1110	155-159	0.1753373389493973
1110	160-164	0.16379113620494934
1110	165-169	0.12558451757684708
1110	170-174	0.013148897787814917
1110	175-179	0.18055295289014595
1110	180-184	0.1356640952036514
1110	185-189	0.09548483184061496
1110	190-194	-0.06392139886033732
1110	195-199	0.11002162303148566
1110	200-204	0.28568036024719845
1110	205-209	0.21681965421321792
1110	210-214	0.2730152683694129
1110	215-219	0.16022780057717512
1110	220-224	-0.154789111505778
1110	225-229	0.20970185920781148
1110	230-234	-0.04342524672981085
1110	235-239	0.26104108440236473
1110	240-244	0.12690582336911405
1110	245-249	-0.08027116756807828
1110	250-251	0.04711412278709304
1111	1	0.09123722047668181
1111	2	-0.046591450462912576
1111	3	0.03978661509098913
1111	4	0.028792599697780474
1111	5	0.04757917263572864
1111	6	0.07876155311233646
1111	7	0.25257788321905394
1111	8	0.2711172481523221
1111	9	0.09625226369864492
1111	10-14	0.1479987130665279
1111	15-19	0.22147925349725028
1111	20-24	0.15037773849169866
1111	25-29	0.18642743497179737
1111	30-34	0.14811277286656832
1111	35-39	0.23846784146426359
1111	40-44	0.18622403978784519
1111	45-49	0.16814010894178466
1111	50-54	0.09193130000631555
1111	55-59	0.09399209826310795
1111	60-64	0.16056058264822326
1111	65-69	0.16214958854963157
1111	70-74	0.08600438709648728
1111	75-79	0.14760626707531088
1111	80-84	-0.045272486008194335
1111	85-89	0.033183255324416905
1111	90-94	0.04413381788931048
1111	95-99	0.06685227326615717
1111	100-104	0.08822857534721606
1111	105-109	0.09991034606348137
1111	110-114	0.11475155316846042
1111	115-119	0.07836303912216636
1111	120-124	0.09411613316304823
1111	125-129	0.0516831226645138
1111	130-134	0.1004815913150452
1111	135-139	0.033185736897564766
1111	140-144	0.016284793800835473
1111	145-149	0.06256242526080769
1111	150-154	0.08485607455151012
1111	155-159	0.0588644035603636
1111	160-164	0.1740317059623564
1111	165-169	0.14252820643636
1111	170-174	0.11618790792282141
1111	175-179	0.08026466557749501
1111	180-184	-0.03858272050131717
1111	185-189	-0.0635906885049593
1111	190-194	0.07503305047622888
1111	195-199	0.0389151853494738
1111	200-204	0.0651777308018211
1111	205-209	0.137188564248639
1111	210-214	0.082986436617837
1111	215-219	-0.16662304073886247
1111	220-224	-0.20460004789373443
1111	225-229	-0.2133816421982928
1111	230-234	-0.15794453084215831
1111	235-239	-0.22270274463054562
1111	240-244	-0.0792319096491454
1111	245-249	-0.2764302111663035
1111	250-251	-0.10863454049722421
1112	1	-0.05685683729276292
1112	2	-0.10027104514471574
1112	3	-0.12120633499745281
1112	4	-0.04882538116633839
1112	5	0.034271749684435804
1112	6	-0.07403377068834516
1112	7	0.06656072833962412
1112	8	0.0748998069931801
1112	9	0.09150711063958994
1112	10-14	0.1376477182465763
1112	15-19	0.14773571030524835
1112	20-24	0.09039290020242419
1112	25-29	0.1196941184307363
1112	30-34	0.06377890858942692
1112	35-39	0.18572174245350226
1112	40-44	0.06764102105660896
1112	45-49	0.06909670683686642
1112	50-54	-0.019272378456918204
1112	55-59	-0.005136482829293243
1112	60-64	0.05909023231355803
1112	65-69	0.06071878909295947
1112	70-74	0.01653246563257227
1112	75-79	0.006926016435933491
1112	80-84	-0.005618601128922762
1112	85-89	0.01755456211706985
1112	90-94	-0.04604252036502032
1112	95-99	0.0037339040037878135
1112	100-104	-0.06494363706563178
1112	105-109	0.023313408642664513
1112	110-114	-0.008940385755330738
1112	115-119	-0.05517228351168768
1112	120-124	-0.03634393599654828
1112	125-129	-0.05780192427107522
1112	130-134	-0.004310508204397934
1112	135-139	-0.031097193707253723
1112	140-144	-0.01859020303808734
1112	145-149	-0.034724554081037695
1112	150-154	-0.1677081452948741
1112	155-159	-0.09990015606300773
1112	160-164	-0.13223321477956773
1112	165-169	-0.045974858648676786
1112	170-174	-0.07713205641519494
1112	175-179	-0.2516868001446255
1112	180-184	-0.34692784849183056
1112	185-189	-0.08360915336782426
1112	190-194	-0.28327845977416644
1112	195-199	-0.3242589449058997
1112	200-204	-0.18221212702263756
1112	205-209	-0.0701136192864169
1112	210-214	-0.14588686205690493
1112	215-219	-0.394397007308271
1112	220-224	-0.4202314818159323
1112	225-229	-0.4257629138379144
1112	230-234	-0.4793547059108221
1112	235-239	-0.5830344956197777
1112	240-244	-0.4446116439359571
1112	245-249	-0.46669016438823974
1112	250-251	-0.7351062329223019
1113	1	-0.10833083527862897
1113	2	-0.2665260799685356
1113	3	-0.12699125530940591
1113	4	-0.12957655449656613
1113	5	-0.015063010291541445
1113	6	-0.048170374275947836
1113	7	0.05690854709685311
1113	8	0.1555060306343421
1113	9	0.11561772088423794
1113	10-14	0.06729007485265726
1113	15-19	0.039618922961437875
1113	20-24	0.056412111480909743
1113	25-29	0.09804665269092538
1113	30-34	0.017269610877534092
1113	35-39	0.07450614416332257
1113	40-44	0.0446939114599445
1113	45-49	0.02885020170951691
1113	50-54	-0.06045532193624581
1113	55-59	0.01609164482010783
1113	60-64	0.032227715008147584
1113	65-69	0.015296552852497314
1113	70-74	-0.028964328513204407
1113	75-79	-0.055770085309859496
1113	80-84	0.02925112994444845
1113	85-89	0.03410036407636596
1113	90-94	-0.11482900078143388
1113	95-99	0.007585616843975629
1113	100-104	-0.030804325570301216
1113	105-109	-0.040707831426992414
1113	110-114	-0.03744436994001177
1113	115-119	-0.10886998512964396
1113	120-124	-0.04665772313437344
1113	125-129	-0.06419955800161148
1113	130-134	-0.054213484836644454
1113	135-139	-0.05178650043612265
1113	140-144	-0.12290832418832309
1113	145-149	-0.15098831754926323
1113	150-154	-0.15340615500016241
1113	155-159	-0.0804676606013075
1113	160-164	-0.03953159993506006
1113	165-169	-0.10534454785815939
1113	170-174	-0.23422603052922852
1113	175-179	-0.21222507112069877
1113	180-184	-0.31495154674565384
1113	185-189	-0.18082491308224746
1113	190-194	-0.3561113402032987
1113	195-199	-0.3535398028136214
1113	200-204	-0.4149625319762933
1113	205-209	-0.5063779999304074
1113	210-214	-0.3583066702014648
1113	215-219	-0.5416915197156698
1113	220-224	-0.4278990137998022
1113	225-229	-0.39577367692361065
1113	230-234	-0.6590467835579759
1113	235-239	-0.8053355932694473
1113	240-244	-0.621536130103312
1113	245-249	-0.8720943755002111
1113	250-251	-0.9601819163375431
1114	1	-0.274201953965985
1114	2	-0.21073077699302445
1114	3	-0.17535421187768918
1114	4	-0.16489329678632458
1114	5	-0.16303160069842093
1114	6	-0.15198843307749854
1114	7	-0.1266658689183302
1114	8	-0.04312476853419156
1114	9	0.023948622700366684
1114	10-14	0.031581315897980744
1114	15-19	-0.007753530335172343
1114	20-24	0.02105117325710637
1114	25-29	-0.006276039857453952
1114	30-34	-0.0623498405404348
1114	35-39	0.00930616599874412
1114	40-44	-0.024296791391883232
1114	45-49	-0.010155511691152697
1114	50-54	-0.1744148186458716
1114	55-59	-0.027306823960074667
1114	60-64	-0.029488601164047168
1114	65-69	-0.05443749746598314
1114	70-74	-0.1259231921024906
1114	75-79	-0.046982890621528384
1114	80-84	-0.07269346979690994
1114	85-89	-0.12395089427892003
1114	90-94	-0.13394315305568227
1114	95-99	-0.07533973408641259
1114	100-104	-0.11208738892759129
1114	105-109	-0.13794947026749327
1114	110-114	-0.165041758130684
1114	115-119	-0.08059026015090609
1114	120-124	-0.11103294212908565
1114	125-129	-0.13201212007714247
1114	130-134	-0.14916200759152787
1114	135-139	-0.10862474936479316
1114	140-144	-0.11700768410702977
1114	145-149	-0.08097962410090531
1114	150-154	-0.20228064054740713
1114	155-159	-0.14118852057067954
1114	160-164	-0.0754548398271595
1114	165-169	-0.1474894864028542
1114	170-174	-0.20528312024902817
1114	175-179	-0.11757887197160954
1114	180-184	-0.3056060381703247
1114	185-189	-0.22742000102044102
1114	190-194	-0.3285859789428187
1114	195-199	-0.23839110949680276
1114	200-204	-0.22671478035255888
1114	205-209	-0.47655079741460327
1114	210-214	-0.37482471927472005
1114	215-219	-0.42863340474141154
1114	220-224	-0.5949011656718213
1114	225-229	-0.5306788596691021
1114	230-234	-0.5012422680693192
1114	235-239	-0.7757029335526013
1114	240-244	-0.8693497407347657
1114	245-249	-0.6218962445670755
1114	250-251	-0.9079386279189343
2101	1	-0.26712772238527904
2101	2	-0.28252177897232755
2101	3	-0.2484718385322111
2101	4	-0.04047218255360008
2101	5	-0.32933049385783164
2101	6	-0.16242909394045313
2101	7	-0.15511753145258922
2101	8	-0.15401984784933376
2101	9	-0.03399972180550748
2101	10-14	-0.13538220962359304
2101	15-19	-0.10300195528920852
2101	20-24	-0.17551624956362133
2101	25-29	-0.22936634933720512
2101	30-34	-0.028704908078033498
2101	35-39	-0.12629180713161503
2101	40-44	-0.13922360641726073
2101	45-49	-0.18264317618694292
2101	50-54	-0.141666415305302
2101	55-59	-0.05923948273918711
2101	60-64	-0.09591650143982378
2101	65-69	-0.2202677021330075
2101	70-74	-0.12333792501712537
2101	75-79	-0.13222680067850945
2101	80-84	-0.15842057173043145
2101	85-89	-0.07745918172825128
2101	90-94	-0.16671497145561176
2101	95-99	-0.15276548684884972
2101	100-104	-0.17250823348769018
2101	105-109	-0.17397446995381927
2101	110-114	-0.12168657963946572
2101	115-119	0.054588968892424816
2101	120-124	-0.12621574844570205
2101	125-129	-0.18645361092374202
2101	130-134	-0.18964695584573832
2101	135-139	-0.08563360122426644
2101	140-144	-0.1377218341138402
2101	145-149	-0.06977223242000719
2101	150-154	-0.24055709400522574
2101	155-159	-0.16979395843049616
2101	160-164	-0.2458616153665929
2101	165-169	-0.22879172911067513
2101	170-174	-0.24052517587418976
2101	175-179	-0.42332659756515056
2101	180-184	-0.43416210221431584
2101	185-189	-0.24289302562438309
2101	190-194	-0.4541338680791682
2101	195-199	-0.2905333084509607
2101	200-204	-0.2342909558647932
2101	205-209	-0.36607376533810765
2101	210-214	-0.48772039969434644
2101	215-219	-0.46310318174128895
2101	220-224	-0.34271682791462155
2101	225-229	-0.6559352427690257
2101	230-234	-0.465914243771806
2101	235-239	-0.48363889409701954
2101	240-244	-0.5389168865588907
2101	245-249	-0.6313641962825436
2101	250-251	-0.5807219496083711
2102	1	0.02467034064385132
2102	2	0.005345453220545693
2102	3	-0.01099289154748817
2102	4	0.1679786831513681
2102	5	-0.10392100764798684
2102	6	0.03201041762336132
2102	7	-0.13304668116312257
2102	8	-0.05185594369967106
2102	9	-0.012356941704602775
2102	10-14	-0.12665057473818564
2102	15-19	-0.16314538061089934
2102	20-24	-0.08875427341217801
2102	25-29	-0.1925238374188467
2102	30-34	-0.04481972559987213
2102	35-39	-0.05978850811778358
2102	40-44	-0.05564822538812564
2102	45-49	-0.043435691648653574
2102	50-54	-0.11115296759906101
2102	55-59	-0.07735826217553665
2102	60-64	-0.027442686671179217
2102	65-69	-0.07316402868180916
2102	70-74	-0.13944985244117447
2102	75-79	-0.05910229474903872
2102	80-84	-0.07020696226546619
2102	85-89	-0.08557165099435338
2102	90-94	-0.04683360903714373
2102	95-99	-0.0982169377910509
2102	100-104	-0.038377724158017656
2102	105-109	-0.033895587630212276
2102	110-114	-0.07510794326572778
2102	115-119	0.10819851490746402
2102	120-124	-0.012296223048842592
2102	125-129	-0.018241044056459543
2102	130-134	0.03915711730897442
2102	135-139	-0.004639478676857323
2102	140-144	0.06098094425944112
2102	145-149	0.10069476541668365
2102	150-154	0.0852431929927917
2102	155-159	0.1143061444010911
2102	160-164	0.045699384473913085
2102	165-169	0.05151525069444318
2102	170-174	0.09094247385030485
2102	175-179	0.16586293930658513
2102	180-184	0.07969930221223365
2102	185-189	0.23400267977849154
2102	190-194	0.04623318303271162
2102	195-199	0.29189377662611093
2102	200-204	0.24776616701937826
2102	205-209	0.19254109070104164
2102	210-214	0.1906862277090582
2102	215-219	0.2479837982682085
2102	220-224	0.3640109457131828
2102	225-229	0.2540340390689195
2102	230-234	0.37583848345495596
2102	235-239	0.5970658199095169
2102	240-244	0.4404790775676304
2102	245-249	0.5154308205752862
2102	250-251	0.5294616403946897
2103	1	-0.031472201769283004
2103	2	0.11051009440620163
2103	3	-0.012482111904482451
2103	4	0.18818689749915052
2103	5	0.06784041683398812
2103	6	-0.06133447145368365
2103	7	-0.33635403660291274
2103	8	-0.14554543644204898
2103	9	-0.06832323956854225
2103	10-14	-0.10659701728650361
2103	15-19	-0.21845022377219436
2103	20-24	-0.21696365234625858
2103	25-29	-0.13428942274686761
2103	30-34	-0.09602072313787602
2103	35-39	-0.2075441888642544
2103	40-44	-0.2574171823658986
2103	45-49	-0.17961477219192545
2103	50-54	-0.11084818850735445
2103	55-59	-0.26963658251933964
2103	60-64	-0.11187272269071968
2103	65-69	-0.12913555503375562
2103	70-74	-0.2046518624649991
2103	75-79	-0.06590223916690974
2103	80-84	-0.2335286138274668
2103	85-89	-0.15061740560724957
2103	90-94	-0.09020174610439113
2103	95-99	-0.13242467114980627
2103	100-104	-0.12407414627065094
2103	105-109	-0.11461668882373033
2103	110-114	-0.07153562471952313
2103	115-119	-3.8039408714496403E-4
2103	120-124	-0.18190804266141214
2103	125-129	-0.13708508736407055
2103	130-134	-0.11359188893406014
2103	135-139	-0.29437404234442965
2103	140-144	-0.11975143600870553
2103	145-149	-0.28307252181302545
2103	150-154	-0.17657461345127956
2103	155-159	-0.19889132596282622
2103	160-164	-0.15041192090345845
2103	165-169	-0.0631230468852948
2103	170-174	-0.080897315219282
2103	175-179	-0.16383250950604378
2103	180-184	-0.18622526723202526
2103	185-189	0.03252135079419105
2103	190-194	0.06710774545558706
2103	195-199	0.25456615921338965
2103	200-204	0.06749939093216284
2103	205-209	-0.019493571486094652
2103	210-214	0.0892445346036368
2103	215-219	0.18691401913396533
2103	220-224	0.3305912020094297
2103	225-229	-0.012422042433797742
2103	230-234	0.20816119741482453
2103	235-239	0.1884847371726721
2103	240-244	0.374870796471825
2103	245-249	0.2596933663878396
2103	250-251	0.35858425358386015
2104	1	-0.05351533789863083
2104	2	-0.02403867242111346
2104	3	0.009373367512075959
2104	4	-0.07862008815403243
2104	5	0.016988238102683795
2104	6	-0.014325817120742101
2104	7	-0.17809225798003325
2104	8	0.017029656140579164
2104	9	-0.08803207767152799
2104	10-14	-0.07768568533244746
2104	15-19	-0.09304682661764474
2104	20-24	-0.08169515276282624
2104	25-29	-0.027980310384045026
2104	30-34	-0.07336279451718752
2104	35-39	-0.049404936622117646
2104	40-44	-0.13963185187687088
2104	45-49	0.002832524841132056
2104	50-54	-0.04958457962933238
2104	55-59	-0.1011735304932273
2104	60-64	-0.022554031736802926
2104	65-69	0.016020135433443272
2104	70-74	0.042304043626273824
2104	75-79	0.01733748351279729
2104	80-84	0.010802050240052097
2104	85-89	0.027760853438415722
2104	90-94	0.10854535149963596
2104	95-99	0.10792724155334099
2104	100-104	0.05978103280733649
2104	105-109	0.09127024852110566
2104	110-114	0.10905124417085688
2104	115-119	0.08600857275175144
2104	120-124	0.030022431924365378
2104	125-129	0.0027877798570656864
2104	130-134	0.1429740890131015
2104	135-139	0.1093278775445512
2104	140-144	0.17888194092167709
2104	145-149	0.02742657062506737
2104	150-154	0.006475654714918733
2104	155-159	0.06285806921671622
2104	160-164	0.02903911665377734
2104	165-169	0.10969011512798943
2104	170-174	0.13982125237210852
2104	175-179	0.19198646795704377
2104	180-184	0.07097789490010342
2104	185-189	0.22105261943526955
2104	190-194	0.15622413094902754
2104	195-199	0.4427545974631286
2104	200-204	0.322175949296053
2104	205-209	0.23104735386848319
2104	210-214	0.3504983634026857
2104	215-219	0.38086555051943094
2104	220-224	0.23377485143713983
2104	225-229	0.4084833432037911
2104	230-234	0.42094166941811295
2104	235-239	0.4609956266616564
2104	240-244	0.5561023648581624
2104	245-249	0.7731337478118299
2104	250-251	0.47775141019308975
2105	1	-0.0025274541040545273
2105	2	0.11359958541540749
2105	3	0.08433320963424507
2105	4	-0.11007862227675247
2105	5	-0.16832889439536913
2105	6	-0.1383975964589368
2105	7	-0.22297843908058468
2105	8	-0.15056408381995112
2105	9	-0.24639409520330702
2105	10-14	-0.10223109815542841
2105	15-19	-0.20945372918315286
2105	20-24	-0.11168735066084423
2105	25-29	-0.1275532600375442
2105	30-34	-0.05880499012046414
2105	35-39	-0.04560747199395365
2105	40-44	-0.1018551141927162
2105	45-49	-0.043193276424283056
2105	50-54	0.007098949451304293
2105	55-59	-0.0905335556110316
2105	60-64	-0.016251913202808055
2105	65-69	-0.0376818825494567
2105	70-74	-0.0484414474402044
2105	75-79	-0.054342084713091765
2105	80-84	0.03544851066931187
2105	85-89	0.0073387932798993916
2105	90-94	-0.01669281789937571
2105	95-99	0.10079417654661427
2105	100-104	0.0124462565780874
2105	105-109	0.0728731855575333
2105	110-114	-0.045670752118866176
2105	115-119	-0.16253680751891864
2105	120-124	0.06691107193785228
2105	125-129	-0.12816188965954467
2105	130-134	-0.09561247295644648
2105	135-139	0.03116590907350769
2105	140-144	0.06870148003323351
2105	145-149	-0.06455769447791226
2105	150-154	-0.06683107934244958
2105	155-159	0.009619338445382652
2105	160-164	-0.03916284133731551
2105	165-169	0.12315627966744103
2105	170-174	0.03498673376224559
2105	175-179	0.12981726615962685
2105	180-184	0.2216440657692189
2105	185-189	-0.12539367225737408
2105	190-194	0.06612305569698407
2105	195-199	0.24834757743550995
2105	200-204	0.08209626395975533
2105	205-209	0.15913162249123758
2105	210-214	0.04274363630327116
2105	215-219	0.24772169779304676
2105	220-224	0.3459885856809066
2105	225-229	0.3165635048392801
2105	230-234	0.2419245413970259
2105	235-239	0.09509866273663192
2105	240-244	0.16514315513991562
2105	245-249	0.36226377351842487
2105	250-251	-0.06649854910233799
2106	1	-0.20046783508434984
2106	2	0.0848340181047007
2106	3	0.06370327169653223
2106	4	-0.04282170576120592
2106	5	-0.06200896805120948
2106	6	-0.05763990560986798
2106	7	0.1657758628240913
2106	8	0.023208440000168196
2106	9	-0.11511640947047397
2106	10-14	-0.01359437263344887
2106	15-19	-0.05020393959379277
2106	20-24	-0.07806816837046426
2106	25-29	-0.07151569600539887
2106	30-34	-0.06086367688214267
2106	35-39	-0.06855095822050572
2106	40-44	-0.13476391345491834
2106	45-49	-0.15514582955073308
2106	50-54	-0.03676243538398438
2106	55-59	-0.08205473675430142
2106	60-64	0.023151939444090885
2106	65-69	0.007762304513235563
2106	70-74	-0.09111820841507523
2106	75-79	-0.002024510981861738
2106	80-84	-0.03356617545183127
2106	85-89	-0.07680408832629126
2106	90-94	0.005296757954461384
2106	95-99	0.017051786901326693
2106	100-104	-0.0052916627085863865
2106	105-109	-0.07854212945341033
2106	110-114	-0.06561844357380409
2106	115-119	-0.04780440030769739
2106	120-124	-0.1140900878406299
2106	125-129	-0.09225400026494412
2106	130-134	-0.014275562864995095
2106	135-139	0.03578257744206326
2106	140-144	-0.05267887808230398
2106	145-149	-0.04433236991208389
2106	150-154	0.14108827808384916
2106	155-159	0.050688869331217745
2106	160-164	-0.14703052898829583
2106	165-169	0.03491801507386327
2106	170-174	-0.10011787036766151
2106	175-179	0.009114278563750133
2106	180-184	0.09013264858954528
2106	185-189	0.002294436923172327
2106	190-194	-0.05712780996444167
2106	195-199	0.08841939459930614
2106	200-204	0.11710403598810615
2106	205-209	-0.17977108222653726
2106	210-214	-0.29118987638974403
2106	215-219	0.14978744482750272
2106	220-224	0.20327716353758518
2106	225-229	0.12262911809053634
2106	230-234	0.16404469273572886
2106	235-239	0.23435092377045663
2106	240-244	0.2838038686886719
2106	245-249	0.17122126265431703
2106	250-251	0.14569095117368747
2107	1	-0.18212787351116688
2107	2	-0.17990951762529406
2107	3	-0.0664139069418681
2107	4	-0.05530005016732531
2107	5	0.0023225211036290716
2107	6	-0.06552999565825246
2107	7	0.03136738114627491
2107	8	0.05061750039508439
2107	9	-0.10818782316060549
2107	10-14	-0.04423117441126578
2107	15-19	-0.057405421109571364
2107	20-24	-0.16633750793852187
2107	25-29	-0.053646597183664824
2107	30-34	-0.23109422851528194
2107	35-39	-0.07764474425317047
2107	40-44	-0.12553361043224243
2107	45-49	-0.059105537196828095
2107	50-54	-0.022539698604525427
2107	55-59	-0.060900447380831224
2107	60-64	0.013549393452308323
2107	65-69	-0.009381823200243389
2107	70-74	-0.03415440243103518
2107	75-79	0.03627062055925023
2107	80-84	-0.07164593060763735
2107	85-89	-0.06920322667331646
2107	90-94	0.04642948723606111
2107	95-99	-0.035230879455966146
2107	100-104	-0.012536422154312277
2107	105-109	-0.08915799636571364
2107	110-114	0.007641108039543099
2107	115-119	-0.0658224985039979
2107	120-124	-0.20173367120234786
2107	125-129	-0.12004837527196344
2107	130-134	-0.034001391277890036
2107	135-139	-0.04608909849755349
2107	140-144	-0.01658513128904815
2107	145-149	-0.04854093979295726
2107	150-154	0.19823369045953143
2107	155-159	0.024425908977960376
2107	160-164	-0.23811341470602798
2107	165-169	-0.06682685619704642
2107	170-174	-0.015055283987059909
2107	175-179	0.03425428731755886
2107	180-184	0.16317491288015873
2107	185-189	0.07427616738727494
2107	190-194	0.19098203294586824
2107	195-199	0.05074112468948755
2107	200-204	0.13213850541826133
2107	205-209	0.06513986211551526
2107	210-214	-0.08221388617837277
2107	215-219	-0.02274022888992988
2107	220-224	0.215080584402493
2107	225-229	0.07294385929026959
2107	230-234	0.28048661320562474
2107	235-239	0.0012504687191494668
2107	240-244	0.1014978151386714
2107	245-249	-0.0019665410112743587
2107	250-251	0.30433968620301144
2108	1	0.09961758954936428
2108	2	0.0037813850793071424
2108	3	0.007885121274973983
2108	4	-0.11132768159221484
2108	5	-0.08681270896310522
2108	6	-0.14655142172077262
2108	7	-0.12577955715134692
2108	8	-0.031456729788729376
2108	9	-0.08537691108941914
2108	10-14	-0.1467352371673769
2108	15-19	-0.21379094973620028
2108	20-24	-0.20793394863632386
2108	25-29	-0.23381575770351049
2108	30-34	-0.34213668256047924
2108	35-39	-0.16219626967398426
2108	40-44	-0.18440550415621715
2108	45-49	-0.20064148292071593
2108	50-54	-0.0977725510712446
2108	55-59	-0.13444183677274424
2108	60-64	-0.09590789305187286
2108	65-69	-0.1218816669586289
2108	70-74	-0.09546069089947906
2108	75-79	-0.18145987080748682
2108	80-84	-0.17964881265168486
2108	85-89	-0.13703803108715107
2108	90-94	-0.0997489031728307
2108	95-99	-0.23187402252750644
2108	100-104	-0.13161521169158164
2108	105-109	-0.16690378635488656
2108	110-114	-0.17164145140707632
2108	115-119	-0.25552337816242954
2108	120-124	-0.18407751136589212
2108	125-129	-0.07789244426778907
2108	130-134	-0.1598783986013359
2108	135-139	-0.17567604313176588
2108	140-144	-0.17758625699300268
2108	145-149	-0.17032421894370486
2108	150-154	-0.08906800434670714
2108	155-159	-0.26520543039617905
2108	160-164	-0.42768832775743704
2108	165-169	-0.47426277153792284
2108	170-174	-0.374799108998765
2108	175-179	-0.50273285891749
2108	180-184	-0.30799426610497704
2108	185-189	-0.3522931124845883
2108	190-194	-0.26243448067845776
2108	195-199	-0.44140030889823123
2108	200-204	-0.6531233857691419
2108	205-209	-0.48381378258477525
2108	210-214	-0.43794512975000544
2108	215-219	-0.6753704484885077
2108	220-224	-0.7392833763299862
2108	225-229	-0.5573109059980084
2108	230-234	-0.5229531122824298
2108	235-239	-0.8460634017771298
2108	240-244	-0.745020359700348
2108	245-249	-0.5371447179313975
2108	250-251	-0.7382382050460343
2109	1	0.008504812951308338
2109	2	0.051979189412350024
2109	3	-0.07650602758717895
2109	4	0.12501231831525672
2109	5	-0.028397142211780135
2109	6	-0.06480238284553508
2109	7	0.13246067083530733
2109	8	-0.01768083956282851
2109	9	-0.019500425451930425
2109	10-14	-0.05658057819896811
2109	15-19	-0.12977240731485296
2109	20-24	-0.14577973379775955
2109	25-29	-0.12842929533657355
2109	30-34	-0.1958964730792303
2109	35-39	-0.11050183715700967
2109	40-44	-0.10747570605958856
2109	45-49	-0.08119917987527003
2109	50-54	-0.0801205802306697
2109	55-59	-0.07764462659064009
2109	60-64	-0.2236008829211471
2109	65-69	-0.1350832340643251
2109	70-74	-0.12243543789037403
2109	75-79	-0.06947136610900628
2109	80-84	-0.10239774907311983
2109	85-89	0.00513237672361555
2109	90-94	-0.12267529972914559
2109	95-99	-0.18581020158613626
2109	100-104	-0.11465232096269062
2109	105-109	-0.15439285630250765
2109	110-114	-0.05835535690200544
2109	115-119	-0.27211883316295626
2109	120-124	-0.23389953913000028
2109	125-129	-0.10537589488762933
2109	130-134	-0.19112694469295377
2109	135-139	-0.26926929721238224
2109	140-144	-0.3176310443457737
2109	145-149	-0.3426925212268159
2109	150-154	-0.18102440292085475
2109	155-159	-0.4002775425175429
2109	160-164	-0.455901653794065
2109	165-169	-0.38399862214645
2109	170-174	-0.47470689270665645
2109	175-179	-0.4551467845428263
2109	180-184	-0.2479443231762346
2109	185-189	-0.45939739648192557
2109	190-194	-0.49310254938196607
2109	195-199	-0.6986363199820147
2109	200-204	-0.54157821061753
2109	205-209	-0.4207719305455271
2109	210-214	-0.3476191172795424
2109	215-219	-0.4330714417393082
2109	220-224	-0.2673330832937282
2109	225-229	-0.37721947868209327
2109	230-234	-0.6235289756587719
2109	235-239	-0.7648744578828897
2109	240-244	-0.6406814483134688
2109	245-249	-0.4126228602964339
2109	250-251	-0.8418516068939859
2110	1	-0.1248282179428557
2110	2	-0.03310813989854111
2110	3	5.98722220018999E-4
2110	4	-0.03871222008695696
2110	5	-0.11295187614091518
2110	6	-0.13329578211060777
2110	7	0.03629045806935238
2110	8	0.03039247169244419
2110	9	0.03149989210919557
2110	10-14	-0.035775606098980006
2110	15-19	-0.003978096195673686
2110	20-24	-0.07428148038398064
2110	25-29	-0.09788172921582117
2110	30-34	-0.09482511255662018
2110	35-39	-0.053510219025959316
2110	40-44	0.020738733647938545
2110	45-49	-0.030074073108806942
2110	50-54	-0.09658068792694507
2110	55-59	0.02804484172069266
2110	60-64	-0.07984865762746551
2110	65-69	-0.139579279936477
2110	70-74	-0.0690877096358804
2110	75-79	0.05528986959679827
2110	80-84	-0.06599316645637288
2110	85-89	0.03265039302679895
2110	90-94	-0.03203494190179157
2110	95-99	-0.1961582656632146
2110	100-104	-0.13557424823990516
2110	105-109	-0.12323387889213677
2110	110-114	0.0048054822791101515
2110	115-119	-0.005281850379624586
2110	120-124	-0.04294460720519311
2110	125-129	0.06605079286600102
2110	130-134	-0.10601560313035918
2110	135-139	0.05109467949366575
2110	140-144	-0.09102100363611498
2110	145-149	-0.09026135661846268
2110	150-154	0.027953861862471285
2110	155-159	0.04706580952004913
2110	160-164	-0.010271699855593397
2110	165-169	-0.134485087374685
2110	170-174	-0.2187586865923521
2110	175-179	-0.15093783748576328
2110	180-184	0.12415559906229845
2110	185-189	-0.2061378653362098
2110	190-194	-0.005703451691850603
2110	195-199	-0.19588864143475604
2110	200-204	-0.24019294888051235
2110	205-209	-0.2007546932236366
2110	210-214	-0.21892638251240726
2110	215-219	0.0812392166510918
2110	220-224	0.14353037054737428
2110	225-229	-0.0879330540944423
2110	230-234	-0.5661293691388494
2110	235-239	-0.08030096067282955
2110	240-244	-0.09440984357915738
2110	245-249	-0.10247457126601489
2110	250-251	0.11769619171207424
2111	1	-0.1893210461556123
2111	2	-0.11234822135035216
2111	3	-0.2921055226724647
2111	4	-0.09076216526361947
2111	5	-0.0859514957341041
2111	6	-0.22554890927836624
2111	7	-0.055883454974129165
2111	8	0.0024943312104497295
2111	9	0.06494883927740602
2111	10-14	-0.1094673870741687
2111	15-19	-0.041733964530166645
2111	20-24	-0.10620271379713131
2111	25-29	-0.08982337033555865
2111	30-34	-0.08915230716826272
2111	35-39	-0.06905797586182416
2111	40-44	-0.025418731317479626
2111	45-49	0.0013400904855203066
2111	50-54	-0.0031135353768121377
2111	55-59	-0.07300058872378656
2111	60-64	-0.13753670645198213
2111	65-69	-0.2110875291219827
2111	70-74	-0.11157841971027693
2111	75-79	-0.07044427784443741
2111	80-84	-0.13753511140986063
2111	85-89	-0.05199720696631971
2111	90-94	-0.06306285127754307
2111	95-99	-0.19170154715945387
2111	100-104	-0.12512519753018836
2111	105-109	-0.18348909529476032
2111	110-114	-0.1378738125979595
2111	115-119	-0.1659265821171374
2111	120-124	-0.1561665370478309
2111	125-129	0.01552124991773951
2111	130-134	-0.20393385158790522
2111	135-139	-0.06816114788096428
2111	140-144	-0.17086270519871505
2111	145-149	-0.13208219753087747
2111	150-154	-0.270085261877945
2111	155-159	-0.16567024888014714
2111	160-164	-0.24587681450783805
2111	165-169	-0.21242426944501602
2111	170-174	-0.3437583585152808
2111	175-179	-0.31590930989337096
2111	180-184	-0.10952445284375045
2111	185-189	-0.3134060363091393
2111	190-194	-0.3110457397734976
2111	195-199	-0.28259446136507194
2111	200-204	-0.42294460373960163
2111	205-209	-0.5043498621156886
2111	210-214	-0.46699406479254435
2111	215-219	-0.4275374119477462
2111	220-224	-0.1570883727460739
2111	225-229	-0.656430533730358
2111	230-234	-0.651388182289864
2111	235-239	-0.8101009948014699
2111	240-244	-0.4475505793237353
2111	245-249	-0.569522177083666
2111	250-251	-0.1446940922925073
2112	1	-0.10356862257830812
2112	2	-0.2520543249120095
2112	3	-0.14282255644241104
2112	4	-0.2942145517549193
2112	5	-0.2910088344946722
2112	6	-0.15104389001938756
2112	7	-0.10717444099662998
2112	8	0.1254562609114629
2112	9	-0.03632938572579292
2112	10-14	-0.11746737623294479
2112	15-19	2.0809547327615974E-4
2112	20-24	-0.04046359781730047
2112	25-29	-0.08014720209246917
2112	30-34	-0.10684714760584058
2112	35-39	-0.06932624311050972
2112	40-44	-0.04349286695301657
2112	45-49	0.027522295121897855
2112	50-54	-0.021853442203614293
2112	55-59	-0.024998523925816585
2112	60-64	-0.0446035544900667
2112	65-69	-0.11476635208762076
2112	70-74	-0.04682209372796109
2112	75-79	-0.12993085617049616
2112	80-84	-0.1479177067737325
2112	85-89	-0.1369617324144201
2112	90-94	-0.11280503780587736
2112	95-99	-0.13266604965706108
2112	100-104	-0.10309351892570362
2112	105-109	-0.16468462442388443
2112	110-114	-0.1395225759384715
2112	115-119	-0.07390268858242877
2112	120-124	-0.17951610271710194
2112	125-129	-0.10931342067691219
2112	130-134	-0.23896700584471375
2112	135-139	-0.10744112240159609
2112	140-144	-0.2020466145744919
2112	145-149	-0.17747890552244172
2112	150-154	-0.2245553393942572
2112	155-159	-0.11201441573653881
2112	160-164	-0.19498898464445347
2112	165-169	-0.07836113362886721
2112	170-174	-0.17792734362784302
2112	175-179	-0.21170789172796844
2112	180-184	-0.04297875408611418
2112	185-189	-0.03508829642170497
2112	190-194	-0.161908984358071
2112	195-199	-0.3699108832718494
2112	200-204	-0.4203651709018388
2112	205-209	-0.5235955654016209
2112	210-214	-0.20592781266286408
2112	215-219	-0.30241603446060594
2112	220-224	-0.4037495044717687
2112	225-229	-0.18594432057954435
2112	230-234	-0.22812867051897
2112	235-239	-0.361473772373202
2112	240-244	-0.4321190488352755
2112	245-249	-0.33867691024797963
2112	250-251	-0.16196166051319594
2113	1	-0.016794964246773958
2113	2	-0.09204564375551172
2113	3	-0.04712579753207535
2113	4	-0.15855635440649962
2113	5	-0.13708390354083377
2113	6	-0.10411857305840755
2113	7	0.009993943007330586
2113	8	-0.25298120922370515
2113	9	-0.02955308282710689
2113	10-14	-0.11693655857229146
2113	15-19	-0.046542192430393925
2113	20-24	0.029669361978335473
2113	25-29	-0.10674738322573774
2113	30-34	-0.020815996882774357
2113	35-39	-0.11010161962443021
2113	40-44	-0.06287276213306825
2113	45-49	-0.0996052697568004
2113	50-54	-0.053962944818522374
2113	55-59	-0.04652531796177328
2113	60-64	-0.13840743820838242
2113	65-69	-0.10754986756342788
2113	70-74	-0.03577284814912218
2113	75-79	-0.11264795788729742
2113	80-84	-0.19326717289327888
2113	85-89	-0.14111976146117655
2113	90-94	-0.10071044121932715
2113	95-99	-0.16665977787494768
2113	100-104	-0.1299599879920592
2113	105-109	-0.12701982710997584
2113	110-114	-0.1349729257106631
2113	115-119	-0.1215612875145311
2113	120-124	-0.1642301923542604
2113	125-129	-0.12270648908708637
2113	130-134	-0.24983843391530058
2113	135-139	-0.1234788248449803
2113	140-144	-0.21873627549641128
2113	145-149	-0.012735648818470224
2113	150-154	-0.2204370650612475
2113	155-159	-0.23953864859551288
2113	160-164	-0.21284943801852307
2113	165-169	-0.06700859805643944
2113	170-174	-0.17540044810274935
2113	175-179	-0.09468266197192321
2113	180-184	-0.12288292367413334
2113	185-189	-0.3085152026951974
2113	190-194	-0.320859944204976
2113	195-199	-0.41053562263420673
2113	200-204	-0.5393660962783358
2113	205-209	-0.387172855432091
2113	210-214	-0.5363664523737199
2113	215-219	-0.3146088667093423
2113	220-224	-0.3716023979108556
2113	225-229	-0.3170742682718384
2113	230-234	-0.2829445899544183
2113	235-239	-0.31825111436881315
2113	240-244	-0.2592357776806793
2113	245-249	-0.228730648908261
2113	250-251	-0.12807613410293683
2114	1	-0.07497570848776647
2114	2	-0.12128368273956269
2114	3	-0.15492260792782275
2114	4	-0.018272834028472573
2114	5	-0.21121266904585312
2114	6	0.016377587603145116
2114	7	-0.15480227672096447
2114	8	-0.25239054176947917
2114	9	0.08769440683621355
2114	10-14	-0.14304406004895753
2114	15-19	-0.053984602353615685
2114	20-24	-0.09177186660996739
2114	25-29	-0.10769245115249504
2114	30-34	-0.12111133060987811
2114	35-39	-0.21714857082672268
2114	40-44	-0.12153529348483261
2114	45-49	-0.10638060543136874
2114	50-54	-0.12967863692698245
2114	55-59	-0.09203411216712709
2114	60-64	-0.1829593749345264
2114	65-69	-0.2187267558650987
2114	70-74	-0.14907187034172154
2114	75-79	-0.2220472729233265
2114	80-84	-0.24493300490352965
2114	85-89	-0.18074740217456053
2114	90-94	-0.2521617761755337
2114	95-99	-0.3493907758278141
2114	100-104	-0.3273072048162433
2114	105-109	-0.29382639104130703
2114	110-114	-0.27158377877261586
2114	115-119	-0.2258923436689244
2114	120-124	-0.2566530659175541
2114	125-129	-0.3442170476795283
2114	130-134	-0.33525573117090346
2114	135-139	-0.2936651487637931
2114	140-144	-0.3972728422264069
2114	145-149	-0.2832115197069669
2114	150-154	-0.2873481542936176
2114	155-159	-0.3429768486857512
2114	160-164	-0.1965618517312464
2114	165-169	-0.2752501480004028
2114	170-174	-0.3305685872096831
2114	175-179	-0.4614702513553013
2114	180-184	-0.4579778779771644
2114	185-189	-0.5762431031098458
2114	190-194	-0.5012847202667103
2114	195-199	-0.6239993159808748
2114	200-204	-0.6067308896312085
2114	205-209	-0.631090143306146
2114	210-214	-0.7347741310799165
2114	215-219	-0.4260799904389785
2114	220-224	-0.7865968120606155
2114	225-229	-0.671291982479886
2114	230-234	-0.9333757864475203
2114	235-239	-0.5553892759613177
2114	240-244	-0.7280403749180451
2114	245-249	-0.7889826277277692
2114	250-251	-0.27050711470513633
>>END_MODULE
>>Per sequence quality scores	pass
#Quality	Count
2	1361.0
3	0.0
4	0.0
5	0.0
6	0.0
7	0.0
8	0.0
9	0.0
10	0.0
11	0.0
12	0.0
13	0.0
14	0.0
15	0.0
16	2.0
17	12.0
18	48.0
19	140.0
20	394.0
21	836.0
22	1351.0
23	2017.0
24	2941.0
25	4199.0
26	5603.0
27	7533.0
28	9549.0
29	12592.0
30	15562.0
31	19482.0
32	24702.0
33	31499.0
34	42218.0
35	60212.0
36	100717.0
37	245143.0
38	358631.0
>>END_MODULE
>>Per base sequence content	fail
#Base	G	A	T	C
1	35.779467157755114	26.16072004679585	14.679976263588406	23.379836531860633
2	13.7405686372613	22.893049695202897	43.29144907407897	20.074932593456833
3	15.147194311723396	29.405859847278826	32.657028950171515	22.78991689082626
4	12.0770100583573	19.048047193571282	42.8395687250564	26.035374023015013
5	10.755217726572193	39.21733308087833	39.084794205099946	10.942654987449531
6	25.257699789397524	43.30890231789656	19.744378733275298	11.689019159430622
7	22.78928222741471	34.192491297177966	27.617061021829247	15.401165453578072
8	19.32465466377119	40.99290975192065	23.827697345943392	15.854738238364769
9	21.474788524862408	18.703319183865162	26.281940758401625	33.5399515328708
10-14	20.582599856354513	26.799910724013444	31.7704887860264	20.84700063360564
15-19	18.97097789996224	32.710594542106215	29.10606600711035	19.212361550821203
20-24	19.124587601004038	30.703027238695853	30.829452190276324	19.342932970023792
25-29	19.172018113293767	30.764716522298368	30.57617917817435	19.487086186233515
30-34	19.332545645521446	30.715043532621173	30.532239314648134	19.420171507209247
35-39	19.222685025715464	30.718761929335543	30.62826315653449	19.430289888414503
40-44	19.377923103614908	30.609580861268466	30.54256634926312	19.46992968585351
45-49	19.339115303724714	30.657437950003768	30.49419919025012	19.5092475560214
50-54	19.371637522955048	30.677229130427758	30.468493017895515	19.48264032872168
55-59	19.34070222334956	30.561837214520548	30.508722237939917	19.58873832418997
60-64	19.38527623856062	30.634953264827985	30.48466136640584	19.495109130205552
65-69	19.34881675147892	30.62220456795402	30.530566905599805	19.498411774967252
70-74	19.378140905023127	30.550011670366896	30.528330230453793	19.543517194156188
75-79	19.374211381766077	30.562209057792796	30.539909429200797	19.52367013124033
80-84	19.345883275929083	30.699582326851456	30.447232522672213	19.50730187454725
85-89	19.38336557899539	30.64263290992722	30.41866157970436	19.55533993137303
90-94	19.336402712092074	30.671582472144692	30.491055796275507	19.500959019487723
95-99	19.44035122959052	30.64884501707366	30.371144078739704	19.539659674596116
100-104	19.401288024858097	30.643635272343005	30.403643287501463	19.551433415297428
105-109	19.472084330628437	30.63748883912167	30.332998380608174	19.55742844964172
110-114	19.34237924837628	30.613746581191453	30.423119252324838	19.62075491810743
115-119	19.51946691201779	30.529622302644977	30.382639509031893	19.56827127630534
120-124	19.497276816294075	30.576419193056243	30.39089781235181	19.53540617829788
125-129	19.39515665025012	30.640525896922888	30.37991759168916	19.58439986113784
130-134	19.481650820802116	30.494062926534937	30.41607842677805	19.6082078258849
135-139	19.468042101111685	30.587345017131305	30.360275086889004	19.584337794868002
140-144	19.401805706102984	30.627496065297393	30.339382725946034	19.63131550265359
145-149	19.39784387896499	30.596118257593368	30.392642259610014	19.61339560383163
150-154	19.524300313773864	30.644103354700736	30.246331042358708	19.585265289166692
155-159	19.483999645307588	30.598723364334653	30.316485872061417	19.600791118296346
160-164	19.489454757583815	30.542507612347276	30.331652156868554	19.636385473200352
165-169	19.571985612740747	30.558301935178427	30.341125336173963	19.528587115906866
170-174	19.575471509781547	30.546769548787424	30.248599850782064	19.629159090648965
175-179	19.60611504877474	30.59602374133566	30.271415796257035	19.526445413632562
180-184	19.609201138267135	30.60305008419071	30.203744794043974	19.58400398349818
185-189	19.57683682497315	30.618618648527068	30.19262807797415	19.611916448525633
190-194	19.62951474042977	30.4954631023674	30.261073552938328	19.613948604264504
195-199	19.767410766355354	30.516213825063083	30.2016949200759	19.514680488505665
200-204	19.537990906669105	30.476079425364755	30.36097689377289	19.62495277419325
205-209	19.614697280776266	30.52968355763762	30.214843961745746	19.64077519984037
210-214	19.827754254880013	30.57123886523041	30.136963878570853	19.464043001318718
215-219	19.613648158699856	30.519273133748758	30.20885125759572	19.65822744995566
220-224	19.719914907744993	30.52472532539795	30.228070606897145	19.527289159959913
225-229	19.79888170348729	30.411443702977696	30.173715811374613	19.615958782160405
230-234	19.70405519367776	30.472527178994042	30.220484700010303	19.602932927317894
235-239	19.752180219857042	30.401614848214752	30.13512735021325	19.71107758171496
240-244	19.765806943658006	30.461082411197076	30.195466299811674	19.577644345333244
245-249	19.909203528006707	30.557119707163842	30.161807081774146	19.371869683055305
250-251	23.21389895753732	36.27870245883887	31.90391444532077	8.603484138303045
>>END_MODULE
>>Per sequence GC content	pass
#GC Content	Count
0	1361.0
1	680.5
2	0.0
3	0.0
4	0.0
5	0.0
6	1.3333333333333333
7	1.8333333333333333
8	2.6666666666666665
9	4.666666666666666
10	9.0
11	13.833333333333334
12	22.833333333333332
13	45.16666666666667
14	68.16666666666669
15	83.0
16	116.16666666666657
17	170.50000000000017
18	256.66666666666725
19	365.8333333333327
20	500.66666666666464
21	719.3333333333353
22	992.0000000000094
23	1315.4999999999973
24	1752.9999999999761
25	2416.1666666666633
26	3437.33333333343
27	4734.333333333378
28	6426.6666666663195
29	8720.833333332814
30	12026.666666667781
31	16275.333333337234
32	21487.666666664052
33	27482.166666653895
34	34042.99999998043
35	40257.50000000347
36	44774.166666689875
37	47444.33333336949
38	48195.66666670676
39	46704.833333367525
40	43547.166666686804
41	40069.66666667049
42	35460.49999998259
43	30189.83333330999
44	25742.33333331985
45	21241.33333333003
46	17071.500000005624
47	13656.500000004042
48	10678.0000000008
49	8472.999999998643
50	6759.333333332382
51	5066.1666666666
52	3536.3333333335922
53	2377.4999999999914
54	1719.9999999999527
55	1231.3333333333312
56	999.8333333333495
57	787.0000000000073
58	498.4999999999974
59	387.8333333333324
60	295.0
61	221.33333333333377
62	158.83333333333334
63	105.99999999999994
64	85.66666666666669
65	65.83333333333337
66	41.16666666666668
67	29.99999999999999
68	24.66666666666666
69	18.833333333333336
70	13.16666666666667
71	9.166666666666666
72	7.499999999999999
73	4.166666666666667
74	3.5
75	3.3333333333333335
76	1.1666666666666665
77	2.5
78	2.333333333333333
79	0.0
80	0.3333333333333333
81	0.3333333333333333
82	0.0
83	0.0
84	0.0
85	0.0
86	0.0
87	0.0
88	0.0
89	0.0
90	0.0
91	0.0
92	0.0
93	0.0
94	0.0
95	0.0
96	0.0
97	0.0
98	0.0
99	0.0
100	0.0
>>END_MODULE
>>Per base N content	pass
#Base	N-Count
1	0.14375586219717262
2	0.14375586219717262
3	0.14375586219717262
4	0.14375586219717262
5	0.14375586219717262
6	0.14375586219717262
7	0.14375586219717262
8	0.14375586219717262
9	0.14375586219717262
10-14	0.14375586219717262
15-19	0.14375586219717262
20-24	0.14375586219717262
25-29	0.14375586219717262
30-34	0.14375586219717262
35-39	0.028823344664303335
40-44	0.0
45-49	0.0
50-54	0.0
55-59	0.0
60-64	0.0
65-69	0.0
70-74	0.0
75-79	0.0
80-84	0.0
85-89	0.0
90-94	0.0
95-99	0.0
100-104	0.0
105-109	0.0
110-114	0.0
115-119	0.0
120-124	0.0
125-129	0.0
130-134	0.0
135-139	0.0
140-144	0.0
145-149	0.0
150-154	0.0
155-159	0.0
160-164	0.0
165-169	0.0
170-174	0.0
175-179	0.0
180-184	0.0
185-189	0.0
190-194	0.0
195-199	0.0
200-204	0.0
205-209	0.0
210-214	0.0
215-219	0.0
220-224	0.0
225-229	0.0
230-234	0.0
235-239	0.0
240-244	0.0
245-249	0.0
250-251	0.0
>>END_MODULE
>>Sequence Length Distribution	warn
#Length	Count
35-39	5279.0
40-44	4988.0
45-49	5713.0
50-54	5809.0
55-59	6008.0
60-64	6118.0
65-69	6321.0
70-74	6278.0
75-79	6286.0
80-84	6633.0
85-89	6695.0
90-94	6763.0
95-99	6717.0
100-104	7000.0
105-109	7264.0
110-114	7395.0
115-119	7413.0
120-124	7737.0
125-129	7696.0
130-134	8097.0
135-139	7877.0
140-144	8328.0
145-149	8335.0
150-154	8379.0
155-159	8688.0
160-164	8949.0
165-169	8986.0
170-174	9122.0
175-179	9443.0
180-184	9642.0
185-189	9785.0
190-194	9879.0
195-199	10118.0
200-204	10262.0
205-209	10524.0
210-214	10645.0
215-219	10699.0
220-224	10811.0
225-229	10713.0
230-234	10995.0
235-239	11036.0
240-244	11144.0
245-249	52752.0
250-252	547422.0
>>END_MODULE
>>Sequence Duplication Levels	pass
#Total Deduplicated Percentage	79.58226598427083
#Duplication Level	Percentage of deduplicated	Percentage of total
1	86.9761173218154	69.21756502983858
2	9.319212165684762	14.832880426667547
3	2.0567928949359846	4.910527177180617
4	0.656928588832889	2.0911946275668263
5	0.28454720242184295	1.1322455574107628
6	0.17078975754046355	0.8155101547184577
7	0.10226753607384213	0.5697077580169161
8	0.07153686339701246	0.4554452552433195
9	0.04368499419507371	0.3128895744798315
>10	0.2996726106816793	4.378550241950548
>50	0.01566432879825693	0.8436835553684595
>100	0.002653081752864977	0.2961212928886914
>500	0.0	0.0
>1k	1.3265387001268474E-4	0.14367934866948812
>5k	0.0	0.0
>10k+	0.0	0.0
>>END_MODULE
>>Overrepresented sequences	warn
#Sequence	Count	Percentage	Possible Source
NNNNNNNNNNNNNNNNNNNNNNNNNNNNNNNNNNN	1361	0.14375586219717262	No Hit
>>END_MODULE
>>Adapter Content	pass
#Position	Illumina Universal Adapter	Illumina Small RNA Adapter	Nextera Transposase Sequence	SOLID Small RNA Adapter
1	0.0	0.0	0.0	0.0
2	0.0	0.0	0.0	0.0
3	0.0	0.0	1.0562517428153756E-4	0.0
4	0.0	0.0	1.0562517428153756E-4	0.0
5	0.0	0.0	2.1125034856307512E-4	0.0
6	0.0	0.0	2.1125034856307512E-4	0.0
7	0.0	0.0	2.1125034856307512E-4	0.0
8	0.0	0.0	3.168755228446127E-4	0.0
9	0.0	0.0	3.168755228446127E-4	0.0
10-14	0.0	0.0	3.8025062741353524E-4	0.0
15-19	0.0	0.0	6.971261502581479E-4	0.0
20-24	0.0	0.0	8.238763593959931E-4	0.0
25-29	0.0	0.0	9.506265685338379E-4	0.0
30-34	0.0	0.0	0.0012041269868095284	0.0
35-39	0.0	0.0	0.001647752718791986	0.0
40-44	0.0	0.0	0.002133628520487059	0.0
45-49	0.0	0.0	0.002851879705601514	0.0
50-54	0.0	0.0	0.003126505158733512	0.0
55-59	0.0	0.0	0.0034222556467218166	0.0
60-64	0.0	0.0	0.004499632424393501	0.0
65-69	0.0	0.0	0.0053446338186458	0.0
70-74	0.0	0.0	0.006485385700886406	0.0
75-79	0.0	0.0	0.007309262060282399	0.0
80-84	0.0	0.0	0.00849226401223562	0.0
85-89	0.0	0.0	0.009295015336775306	0.0
90-94	0.0	0.0	0.009886516312751916	0.0
95-99	0.0	0.0	0.010499142323584834	0.0
100-104	0.0	0.0	0.011830019519532208	0.0
105-109	0.0	0.0	0.01358339741260573	0.0
110-114	0.0	0.0	0.014872024538840489	0.0
115-119	0.0	0.0	0.01599165138622479	0.0
120-124	0.0	0.0	0.017343653617028467	0.0
125-129	0.0	0.0	0.018547780603837997	0.0
130-134	0.0	0.0	0.02013215821806106	0.0
135-139	0.0	0.0	0.02173766086714043	0.0
140-144	0.0	0.0	0.02296291288880627	0.0
145-149	0.0	0.0	0.024336040154466256	0.0
150-154	0.0	0.0	0.025793667559551474	0.0
155-159	0.0	0.0	0.027842795940613303	0.0
160-164	0.0	0.0	0.02970179900796836	0.0
165-169	0.0	0.0	0.03213117801644373	0.0
170-174	0.0	0.0	0.034285931571787095	0.0
175-179	0.0	0.0	0.03631393491799262	0.0
180-184	0.0	0.0	0.038912314205318446	0.0
185-189	0.0	0.0	0.041531818527500576	0.0
190-194	0.0	0.0	0.04533432480163592	0.0
195-199	0.0	0.0	0.048101704367812206	0.0
200-204	0.0	0.0	0.05139720980539618	0.0
205-209	0.0	0.0	0.05513634097496262	0.0
210-214	0.0	0.0	0.05923459773708627	0.0
215-219	0.0	0.0	0.062994853941509	0.0
220-224	0.0	0.0	0.06688186035506959	0.0
225-229	0.0	0.0	0.07176174340687663	0.0
230-234	0.0	0.0	0.0767683766678215	0.0
235-239	0.0	0.0	0.08063425804652577	0.0
>>END_MODULE
>>Kmer Content	fail
#Sequence	Count	PValue	Obs/Exp Max	Max Obs/Exp Position
GCCCTAG	250	2.2719178E-9	37.542633	1
CTAGGGT	325	0.0070907874	28.092173	245
GTACGCA	275	7.5081753E-6	26.545298	6
TATACAG	785	0.0	23.912506	5
CTAGGAC	365	2.5938607E-6	22.857006	3
CTCTAGG	230	0.0021670328	22.670673	2
CTATAGG	515	4.5492925E-9	22.274487	3
GTACCGT	475	4.723188E-8	21.954758	6
TATAGGG	555	1.0777512E-8	20.669117	2
ATAGCGT	255	0.0039432663	20.44806	8
GTATACA	890	0.0	19.919624	1
CCTATAC	580	1.7887942E-8	19.778208	3
TACACGG	265	0.004926495	19.676434	5
TACACTG	765	6.002665E-11	19.084852	5
GTATAAG	1150	0.0	19.043364	1
ACAGGGC	275	0.0061024935	18.960926	8
AGAGCGT	275	0.0061024935	18.960926	6
TACCGTG	440	1.3073401E-5	18.960926	7
TATATAC	1170	0.0	18.717836	3
TACGCAT	350	0.0011620864	17.877445	7
>>END_MODULE
